{
 "cells": [
  {
   "cell_type": "code",
   "execution_count": 1,
   "metadata": {},
   "outputs": [],
   "source": [
    "import pandas as pd"
   ]
  },
  {
   "cell_type": "code",
   "execution_count": 2,
   "metadata": {},
   "outputs": [
    {
     "name": "stdout",
     "output_type": "stream",
     "text": [
      "(34000, 21)\n"
     ]
    },
    {
     "data": {
      "text/html": [
       "<div>\n",
       "<style scoped>\n",
       "    .dataframe tbody tr th:only-of-type {\n",
       "        vertical-align: middle;\n",
       "    }\n",
       "\n",
       "    .dataframe tbody tr th {\n",
       "        vertical-align: top;\n",
       "    }\n",
       "\n",
       "    .dataframe thead th {\n",
       "        text-align: right;\n",
       "    }\n",
       "</style>\n",
       "<table border=\"1\" class=\"dataframe\">\n",
       "  <thead>\n",
       "    <tr style=\"text-align: right;\">\n",
       "      <th></th>\n",
       "      <th>VAR1</th>\n",
       "      <th>VAR2</th>\n",
       "      <th>VAR3</th>\n",
       "      <th>VAR4</th>\n",
       "      <th>VAR5</th>\n",
       "      <th>VAR6</th>\n",
       "      <th>VAR7</th>\n",
       "      <th>VAR8</th>\n",
       "      <th>VAR9</th>\n",
       "      <th>VAR10</th>\n",
       "      <th>...</th>\n",
       "      <th>VAR12</th>\n",
       "      <th>VAR13</th>\n",
       "      <th>VAR14</th>\n",
       "      <th>VAR15</th>\n",
       "      <th>VAR16</th>\n",
       "      <th>VAR17</th>\n",
       "      <th>VAR18</th>\n",
       "      <th>VAR19</th>\n",
       "      <th>VAR20</th>\n",
       "      <th>VAR21</th>\n",
       "    </tr>\n",
       "  </thead>\n",
       "  <tbody>\n",
       "    <tr>\n",
       "      <th>0</th>\n",
       "      <td>1</td>\n",
       "      <td>828.235294</td>\n",
       "      <td>0.138889</td>\n",
       "      <td>321.428571</td>\n",
       "      <td>625.911006</td>\n",
       "      <td>1.818182</td>\n",
       "      <td>1.081550</td>\n",
       "      <td>198.113469</td>\n",
       "      <td>NaN</td>\n",
       "      <td>58.632548</td>\n",
       "      <td>...</td>\n",
       "      <td>100.083403</td>\n",
       "      <td>1.0</td>\n",
       "      <td>1</td>\n",
       "      <td>1.0</td>\n",
       "      <td>1.540594</td>\n",
       "      <td>NaN</td>\n",
       "      <td>1</td>\n",
       "      <td>0</td>\n",
       "      <td>100.104991</td>\n",
       "      <td>Low</td>\n",
       "    </tr>\n",
       "    <tr>\n",
       "      <th>1</th>\n",
       "      <td>2</td>\n",
       "      <td>911.764706</td>\n",
       "      <td>0.027778</td>\n",
       "      <td>NaN</td>\n",
       "      <td>611.574748</td>\n",
       "      <td>8.181818</td>\n",
       "      <td>1.344479</td>\n",
       "      <td>198.600020</td>\n",
       "      <td>22.086661</td>\n",
       "      <td>NaN</td>\n",
       "      <td>...</td>\n",
       "      <td>15.012510</td>\n",
       "      <td>NaN</td>\n",
       "      <td>1</td>\n",
       "      <td>NaN</td>\n",
       "      <td>1.614613</td>\n",
       "      <td>NaN</td>\n",
       "      <td>0</td>\n",
       "      <td>1</td>\n",
       "      <td>146.654045</td>\n",
       "      <td>High</td>\n",
       "    </tr>\n",
       "    <tr>\n",
       "      <th>2</th>\n",
       "      <td>3</td>\n",
       "      <td>962.352941</td>\n",
       "      <td>0.833333</td>\n",
       "      <td>35.714286</td>\n",
       "      <td>615.825381</td>\n",
       "      <td>8.181818</td>\n",
       "      <td>0.720796</td>\n",
       "      <td>197.267767</td>\n",
       "      <td>NaN</td>\n",
       "      <td>58.632548</td>\n",
       "      <td>...</td>\n",
       "      <td>210.175146</td>\n",
       "      <td>10.0</td>\n",
       "      <td>1</td>\n",
       "      <td>10.0</td>\n",
       "      <td>1.044599</td>\n",
       "      <td>NaN</td>\n",
       "      <td>0</td>\n",
       "      <td>0</td>\n",
       "      <td>98.249570</td>\n",
       "      <td>Medium</td>\n",
       "    </tr>\n",
       "    <tr>\n",
       "      <th>3</th>\n",
       "      <td>4</td>\n",
       "      <td>892.941177</td>\n",
       "      <td>NaN</td>\n",
       "      <td>NaN</td>\n",
       "      <td>638.076431</td>\n",
       "      <td>9.090909</td>\n",
       "      <td>0.820218</td>\n",
       "      <td>197.355744</td>\n",
       "      <td>4.363431</td>\n",
       "      <td>58.632548</td>\n",
       "      <td>...</td>\n",
       "      <td>NaN</td>\n",
       "      <td>NaN</td>\n",
       "      <td>1</td>\n",
       "      <td>NaN</td>\n",
       "      <td>1.145729</td>\n",
       "      <td>NaN</td>\n",
       "      <td>1</td>\n",
       "      <td>0</td>\n",
       "      <td>140.862306</td>\n",
       "      <td>Low</td>\n",
       "    </tr>\n",
       "    <tr>\n",
       "      <th>4</th>\n",
       "      <td>5</td>\n",
       "      <td>914.117647</td>\n",
       "      <td>0.083333</td>\n",
       "      <td>NaN</td>\n",
       "      <td>626.514988</td>\n",
       "      <td>5.181818</td>\n",
       "      <td>1.372928</td>\n",
       "      <td>198.790477</td>\n",
       "      <td>85.938202</td>\n",
       "      <td>58.632548</td>\n",
       "      <td>...</td>\n",
       "      <td>210.175146</td>\n",
       "      <td>NaN</td>\n",
       "      <td>.</td>\n",
       "      <td>NaN</td>\n",
       "      <td>1.558341</td>\n",
       "      <td>NaN</td>\n",
       "      <td>1</td>\n",
       "      <td>0</td>\n",
       "      <td>101.268503</td>\n",
       "      <td>High</td>\n",
       "    </tr>\n",
       "  </tbody>\n",
       "</table>\n",
       "<p>5 rows × 21 columns</p>\n",
       "</div>"
      ],
      "text/plain": [
       "   VAR1        VAR2      VAR3        VAR4        VAR5      VAR6      VAR7  \\\n",
       "0     1  828.235294  0.138889  321.428571  625.911006  1.818182  1.081550   \n",
       "1     2  911.764706  0.027778         NaN  611.574748  8.181818  1.344479   \n",
       "2     3  962.352941  0.833333   35.714286  615.825381  8.181818  0.720796   \n",
       "3     4  892.941177       NaN         NaN  638.076431  9.090909  0.820218   \n",
       "4     5  914.117647  0.083333         NaN  626.514988  5.181818  1.372928   \n",
       "\n",
       "         VAR8       VAR9      VAR10   ...         VAR12  VAR13  VAR14 VAR15  \\\n",
       "0  198.113469        NaN  58.632548   ...    100.083403    1.0      1   1.0   \n",
       "1  198.600020  22.086661        NaN   ...     15.012510    NaN      1   NaN   \n",
       "2  197.267767        NaN  58.632548   ...    210.175146   10.0      1  10.0   \n",
       "3  197.355744   4.363431  58.632548   ...           NaN    NaN      1   NaN   \n",
       "4  198.790477  85.938202  58.632548   ...    210.175146    NaN      .   NaN   \n",
       "\n",
       "      VAR16  VAR17  VAR18  VAR19       VAR20   VAR21  \n",
       "0  1.540594    NaN      1      0  100.104991     Low  \n",
       "1  1.614613    NaN      0      1  146.654045    High  \n",
       "2  1.044599    NaN      0      0   98.249570  Medium  \n",
       "3  1.145729    NaN      1      0  140.862306     Low  \n",
       "4  1.558341    NaN      1      0  101.268503    High  \n",
       "\n",
       "[5 rows x 21 columns]"
      ]
     },
     "execution_count": 2,
     "metadata": {},
     "output_type": "execute_result"
    }
   ],
   "source": [
    "train = pd.read_csv('development_dataset.csv')\n",
    "print(train.shape)\n",
    "train.head(5)"
   ]
  },
  {
   "cell_type": "code",
   "execution_count": 3,
   "metadata": {},
   "outputs": [],
   "source": [
    "# train.describe()"
   ]
  },
  {
   "cell_type": "code",
   "execution_count": 4,
   "metadata": {
    "scrolled": true
   },
   "outputs": [],
   "source": [
    "# train.info()"
   ]
  },
  {
   "cell_type": "code",
   "execution_count": 5,
   "metadata": {},
   "outputs": [
    {
     "data": {
      "text/plain": [
       "VAR1         0\n",
       "VAR2       961\n",
       "VAR3      3385\n",
       "VAR4     12494\n",
       "VAR5         1\n",
       "VAR6      3495\n",
       "VAR7       835\n",
       "VAR8       835\n",
       "VAR9     15817\n",
       "VAR10     4550\n",
       "VAR11     7565\n",
       "VAR12    10502\n",
       "VAR13     8522\n",
       "VAR14        0\n",
       "VAR15     8024\n",
       "VAR16      866\n",
       "VAR17    22194\n",
       "VAR18        0\n",
       "VAR19        0\n",
       "VAR20        0\n",
       "VAR21        0\n",
       "dtype: int64"
      ]
     },
     "execution_count": 5,
     "metadata": {},
     "output_type": "execute_result"
    }
   ],
   "source": [
    "train.isnull().sum()"
   ]
  },
  {
   "cell_type": "code",
   "execution_count": 6,
   "metadata": {},
   "outputs": [],
   "source": [
    "# hg = train[train['VAR21']==\"High\"]\n",
    "# lw = train[train['VAR21']==\"Low\"]\n",
    "# md = train[train['VAR21']==\"Medium\"]\n",
    "            "
   ]
  },
  {
   "cell_type": "code",
   "execution_count": 7,
   "metadata": {},
   "outputs": [],
   "source": [
    "# hg = hg.fillna(value = hg.median(axis=0))\n",
    "# lw = lw.fillna(value = lw.median(axis=0))\n",
    "# md = md.fillna(value = md.median(axis=0))"
   ]
  },
  {
   "cell_type": "code",
   "execution_count": 8,
   "metadata": {},
   "outputs": [],
   "source": [
    "targets = train.VAR21\n",
    "train.drop(['VAR21','VAR1'], 1, inplace=True)\n",
    "# train.head(5)"
   ]
  },
  {
   "cell_type": "code",
   "execution_count": 9,
   "metadata": {},
   "outputs": [
    {
     "data": {
      "text/plain": [
       "(34000, 19)"
      ]
     },
     "execution_count": 9,
     "metadata": {},
     "output_type": "execute_result"
    }
   ],
   "source": [
    "# train1 = pd.concat([hg,lw,md],axis = 0)\n",
    "# train1.drop(['VAR21','VAR1'], 1, inplace=True)\n",
    "\n",
    "train1 = train.copy()\n",
    "# train1.drop(['VAR16'], 1, inplace=True)\n",
    "train1.shape"
   ]
  },
  {
   "cell_type": "code",
   "execution_count": 10,
   "metadata": {},
   "outputs": [],
   "source": [
    "# train1['VAR2'] = train['VAR2'].apply(lambda x:hg.median if np.isnan(train['VAR21']))\n"
   ]
  },
  {
   "cell_type": "code",
   "execution_count": 11,
   "metadata": {},
   "outputs": [],
   "source": [
    "train1['VAR2'] = train['VAR2'].fillna(train['VAR2'].mean())\n",
    "train1['VAR3'] = train['VAR3'].fillna(train['VAR3'].mean())\n",
    "train1['VAR4'] = train['VAR4'].fillna(train['VAR4'].mean())\n",
    "train1['VAR5'] = train['VAR5'].fillna(train['VAR5'].mean())\n",
    "train1['VAR6'] = train['VAR6'].fillna(train['VAR6'].mean())\n",
    "train1['VAR7'] = train['VAR7'].fillna(train['VAR7'].mean())\n",
    "train1['VAR8'] = train['VAR8'].fillna(train['VAR8'].mean())\n",
    "train1['VAR9'] = train['VAR9'].fillna(train['VAR9'].mean())\n",
    "train1['VAR10'] = train['VAR10'].fillna(train['VAR10'].mean())\n",
    "train1['VAR11'] = train['VAR11'].fillna(train['VAR11'].mean())\n",
    "train1['VAR12'] = train['VAR12'].fillna(train['VAR12'].mean())\n",
    "train1['VAR13'] = train['VAR13'].fillna(train['VAR13'].mean())\n",
    "train1['VAR15'] = train['VAR15'].fillna(train['VAR15'].mean())\n",
    "train1['VAR16'] = train['VAR16'].fillna(train['VAR16'].mean())\n",
    "\n",
    "train1['VAR17'] = train['VAR2'].fillna(0)"
   ]
  },
  {
   "cell_type": "code",
   "execution_count": 12,
   "metadata": {},
   "outputs": [
    {
     "data": {
      "text/html": [
       "<div>\n",
       "<style scoped>\n",
       "    .dataframe tbody tr th:only-of-type {\n",
       "        vertical-align: middle;\n",
       "    }\n",
       "\n",
       "    .dataframe tbody tr th {\n",
       "        vertical-align: top;\n",
       "    }\n",
       "\n",
       "    .dataframe thead th {\n",
       "        text-align: right;\n",
       "    }\n",
       "</style>\n",
       "<table border=\"1\" class=\"dataframe\">\n",
       "  <thead>\n",
       "    <tr style=\"text-align: right;\">\n",
       "      <th></th>\n",
       "      <th>VAR2</th>\n",
       "      <th>VAR3</th>\n",
       "      <th>VAR4</th>\n",
       "      <th>VAR5</th>\n",
       "      <th>VAR6</th>\n",
       "      <th>VAR7</th>\n",
       "      <th>VAR8</th>\n",
       "      <th>VAR9</th>\n",
       "      <th>VAR10</th>\n",
       "      <th>VAR11</th>\n",
       "      <th>VAR12</th>\n",
       "      <th>VAR13</th>\n",
       "      <th>VAR15</th>\n",
       "      <th>VAR16</th>\n",
       "      <th>VAR17</th>\n",
       "      <th>VAR18</th>\n",
       "      <th>VAR19</th>\n",
       "      <th>VAR20</th>\n",
       "    </tr>\n",
       "  </thead>\n",
       "  <tbody>\n",
       "    <tr>\n",
       "      <th>VAR2</th>\n",
       "      <td>1.000000</td>\n",
       "      <td>0.001879</td>\n",
       "      <td>-0.397545</td>\n",
       "      <td>-0.195492</td>\n",
       "      <td>0.023098</td>\n",
       "      <td>-0.027322</td>\n",
       "      <td>-0.048693</td>\n",
       "      <td>-0.003918</td>\n",
       "      <td>0.041271</td>\n",
       "      <td>-0.150661</td>\n",
       "      <td>0.118147</td>\n",
       "      <td>0.114004</td>\n",
       "      <td>0.087309</td>\n",
       "      <td>-0.023998</td>\n",
       "      <td>0.309621</td>\n",
       "      <td>0.062120</td>\n",
       "      <td>-0.064318</td>\n",
       "      <td>-0.102319</td>\n",
       "    </tr>\n",
       "    <tr>\n",
       "      <th>VAR3</th>\n",
       "      <td>0.001879</td>\n",
       "      <td>1.000000</td>\n",
       "      <td>-0.004998</td>\n",
       "      <td>0.006797</td>\n",
       "      <td>0.022159</td>\n",
       "      <td>0.018803</td>\n",
       "      <td>0.025247</td>\n",
       "      <td>0.004422</td>\n",
       "      <td>-0.000101</td>\n",
       "      <td>0.008518</td>\n",
       "      <td>0.048590</td>\n",
       "      <td>0.017544</td>\n",
       "      <td>0.016024</td>\n",
       "      <td>0.015949</td>\n",
       "      <td>0.009124</td>\n",
       "      <td>0.012330</td>\n",
       "      <td>0.004281</td>\n",
       "      <td>0.017665</td>\n",
       "    </tr>\n",
       "    <tr>\n",
       "      <th>VAR4</th>\n",
       "      <td>-0.397545</td>\n",
       "      <td>-0.004998</td>\n",
       "      <td>1.000000</td>\n",
       "      <td>0.185846</td>\n",
       "      <td>-0.018649</td>\n",
       "      <td>0.014257</td>\n",
       "      <td>0.058680</td>\n",
       "      <td>0.011053</td>\n",
       "      <td>-0.028000</td>\n",
       "      <td>0.176840</td>\n",
       "      <td>-0.066965</td>\n",
       "      <td>-0.063954</td>\n",
       "      <td>-0.035064</td>\n",
       "      <td>0.014573</td>\n",
       "      <td>-0.103223</td>\n",
       "      <td>-0.029444</td>\n",
       "      <td>0.093717</td>\n",
       "      <td>0.043684</td>\n",
       "    </tr>\n",
       "    <tr>\n",
       "      <th>VAR5</th>\n",
       "      <td>-0.195492</td>\n",
       "      <td>0.006797</td>\n",
       "      <td>0.185846</td>\n",
       "      <td>1.000000</td>\n",
       "      <td>0.026677</td>\n",
       "      <td>0.074837</td>\n",
       "      <td>0.201294</td>\n",
       "      <td>0.090140</td>\n",
       "      <td>0.136549</td>\n",
       "      <td>0.072784</td>\n",
       "      <td>-0.045739</td>\n",
       "      <td>-0.044625</td>\n",
       "      <td>-0.032263</td>\n",
       "      <td>0.066414</td>\n",
       "      <td>-0.076646</td>\n",
       "      <td>0.034296</td>\n",
       "      <td>-0.130858</td>\n",
       "      <td>0.229491</td>\n",
       "    </tr>\n",
       "    <tr>\n",
       "      <th>VAR6</th>\n",
       "      <td>0.023098</td>\n",
       "      <td>0.022159</td>\n",
       "      <td>-0.018649</td>\n",
       "      <td>0.026677</td>\n",
       "      <td>1.000000</td>\n",
       "      <td>0.092036</td>\n",
       "      <td>0.127485</td>\n",
       "      <td>-0.014076</td>\n",
       "      <td>0.118274</td>\n",
       "      <td>0.042100</td>\n",
       "      <td>0.018588</td>\n",
       "      <td>0.102917</td>\n",
       "      <td>0.093821</td>\n",
       "      <td>0.072649</td>\n",
       "      <td>0.027200</td>\n",
       "      <td>0.047276</td>\n",
       "      <td>0.079450</td>\n",
       "      <td>0.070031</td>\n",
       "    </tr>\n",
       "    <tr>\n",
       "      <th>VAR7</th>\n",
       "      <td>-0.027322</td>\n",
       "      <td>0.018803</td>\n",
       "      <td>0.014257</td>\n",
       "      <td>0.074837</td>\n",
       "      <td>0.092036</td>\n",
       "      <td>1.000000</td>\n",
       "      <td>0.701303</td>\n",
       "      <td>-0.025156</td>\n",
       "      <td>-0.032473</td>\n",
       "      <td>0.060242</td>\n",
       "      <td>-0.005230</td>\n",
       "      <td>0.061738</td>\n",
       "      <td>0.059955</td>\n",
       "      <td>0.924215</td>\n",
       "      <td>0.006597</td>\n",
       "      <td>0.024590</td>\n",
       "      <td>0.114990</td>\n",
       "      <td>0.111858</td>\n",
       "    </tr>\n",
       "    <tr>\n",
       "      <th>VAR8</th>\n",
       "      <td>-0.048693</td>\n",
       "      <td>0.025247</td>\n",
       "      <td>0.058680</td>\n",
       "      <td>0.201294</td>\n",
       "      <td>0.127485</td>\n",
       "      <td>0.701303</td>\n",
       "      <td>1.000000</td>\n",
       "      <td>-0.016594</td>\n",
       "      <td>-0.058250</td>\n",
       "      <td>0.120941</td>\n",
       "      <td>0.001239</td>\n",
       "      <td>0.094129</td>\n",
       "      <td>0.095660</td>\n",
       "      <td>0.492295</td>\n",
       "      <td>0.005295</td>\n",
       "      <td>0.040728</td>\n",
       "      <td>0.165046</td>\n",
       "      <td>0.165873</td>\n",
       "    </tr>\n",
       "    <tr>\n",
       "      <th>VAR9</th>\n",
       "      <td>-0.003918</td>\n",
       "      <td>0.004422</td>\n",
       "      <td>0.011053</td>\n",
       "      <td>0.090140</td>\n",
       "      <td>-0.014076</td>\n",
       "      <td>-0.025156</td>\n",
       "      <td>-0.016594</td>\n",
       "      <td>1.000000</td>\n",
       "      <td>0.109341</td>\n",
       "      <td>-0.006538</td>\n",
       "      <td>0.007833</td>\n",
       "      <td>0.004947</td>\n",
       "      <td>0.002758</td>\n",
       "      <td>-0.023838</td>\n",
       "      <td>-0.033598</td>\n",
       "      <td>0.004965</td>\n",
       "      <td>-0.169191</td>\n",
       "      <td>-0.022617</td>\n",
       "    </tr>\n",
       "    <tr>\n",
       "      <th>VAR10</th>\n",
       "      <td>0.041271</td>\n",
       "      <td>-0.000101</td>\n",
       "      <td>-0.028000</td>\n",
       "      <td>0.136549</td>\n",
       "      <td>0.118274</td>\n",
       "      <td>-0.032473</td>\n",
       "      <td>-0.058250</td>\n",
       "      <td>0.109341</td>\n",
       "      <td>1.000000</td>\n",
       "      <td>-0.021581</td>\n",
       "      <td>0.013585</td>\n",
       "      <td>-0.008188</td>\n",
       "      <td>-0.011772</td>\n",
       "      <td>-0.024995</td>\n",
       "      <td>-0.035731</td>\n",
       "      <td>0.017564</td>\n",
       "      <td>-0.202767</td>\n",
       "      <td>-0.019097</td>\n",
       "    </tr>\n",
       "    <tr>\n",
       "      <th>VAR11</th>\n",
       "      <td>-0.150661</td>\n",
       "      <td>0.008518</td>\n",
       "      <td>0.176840</td>\n",
       "      <td>0.072784</td>\n",
       "      <td>0.042100</td>\n",
       "      <td>0.060242</td>\n",
       "      <td>0.120941</td>\n",
       "      <td>-0.006538</td>\n",
       "      <td>-0.021581</td>\n",
       "      <td>1.000000</td>\n",
       "      <td>0.022742</td>\n",
       "      <td>0.479659</td>\n",
       "      <td>0.637683</td>\n",
       "      <td>0.045171</td>\n",
       "      <td>-0.031293</td>\n",
       "      <td>0.023426</td>\n",
       "      <td>0.069902</td>\n",
       "      <td>0.068364</td>\n",
       "    </tr>\n",
       "    <tr>\n",
       "      <th>VAR12</th>\n",
       "      <td>0.118147</td>\n",
       "      <td>0.048590</td>\n",
       "      <td>-0.066965</td>\n",
       "      <td>-0.045739</td>\n",
       "      <td>0.018588</td>\n",
       "      <td>-0.005230</td>\n",
       "      <td>0.001239</td>\n",
       "      <td>0.007833</td>\n",
       "      <td>0.013585</td>\n",
       "      <td>0.022742</td>\n",
       "      <td>1.000000</td>\n",
       "      <td>0.072593</td>\n",
       "      <td>0.070373</td>\n",
       "      <td>-0.007469</td>\n",
       "      <td>0.210880</td>\n",
       "      <td>0.066106</td>\n",
       "      <td>0.028444</td>\n",
       "      <td>-0.057543</td>\n",
       "    </tr>\n",
       "    <tr>\n",
       "      <th>VAR13</th>\n",
       "      <td>0.114004</td>\n",
       "      <td>0.017544</td>\n",
       "      <td>-0.063954</td>\n",
       "      <td>-0.044625</td>\n",
       "      <td>0.102917</td>\n",
       "      <td>0.061738</td>\n",
       "      <td>0.094129</td>\n",
       "      <td>0.004947</td>\n",
       "      <td>-0.008188</td>\n",
       "      <td>0.479659</td>\n",
       "      <td>0.072593</td>\n",
       "      <td>1.000000</td>\n",
       "      <td>0.864152</td>\n",
       "      <td>0.048292</td>\n",
       "      <td>0.038099</td>\n",
       "      <td>0.050780</td>\n",
       "      <td>0.062440</td>\n",
       "      <td>0.025875</td>\n",
       "    </tr>\n",
       "    <tr>\n",
       "      <th>VAR15</th>\n",
       "      <td>0.087309</td>\n",
       "      <td>0.016024</td>\n",
       "      <td>-0.035064</td>\n",
       "      <td>-0.032263</td>\n",
       "      <td>0.093821</td>\n",
       "      <td>0.059955</td>\n",
       "      <td>0.095660</td>\n",
       "      <td>0.002758</td>\n",
       "      <td>-0.011772</td>\n",
       "      <td>0.637683</td>\n",
       "      <td>0.070373</td>\n",
       "      <td>0.864152</td>\n",
       "      <td>1.000000</td>\n",
       "      <td>0.046755</td>\n",
       "      <td>0.034323</td>\n",
       "      <td>0.048115</td>\n",
       "      <td>0.067781</td>\n",
       "      <td>0.029815</td>\n",
       "    </tr>\n",
       "    <tr>\n",
       "      <th>VAR16</th>\n",
       "      <td>-0.023998</td>\n",
       "      <td>0.015949</td>\n",
       "      <td>0.014573</td>\n",
       "      <td>0.066414</td>\n",
       "      <td>0.072649</td>\n",
       "      <td>0.924215</td>\n",
       "      <td>0.492295</td>\n",
       "      <td>-0.023838</td>\n",
       "      <td>-0.024995</td>\n",
       "      <td>0.045171</td>\n",
       "      <td>-0.007469</td>\n",
       "      <td>0.048292</td>\n",
       "      <td>0.046755</td>\n",
       "      <td>1.000000</td>\n",
       "      <td>0.005053</td>\n",
       "      <td>0.019835</td>\n",
       "      <td>0.097255</td>\n",
       "      <td>0.095318</td>\n",
       "    </tr>\n",
       "    <tr>\n",
       "      <th>VAR17</th>\n",
       "      <td>0.309621</td>\n",
       "      <td>0.009124</td>\n",
       "      <td>-0.103223</td>\n",
       "      <td>-0.076646</td>\n",
       "      <td>0.027200</td>\n",
       "      <td>0.006597</td>\n",
       "      <td>0.005295</td>\n",
       "      <td>-0.033598</td>\n",
       "      <td>-0.035731</td>\n",
       "      <td>-0.031293</td>\n",
       "      <td>0.210880</td>\n",
       "      <td>0.038099</td>\n",
       "      <td>0.034323</td>\n",
       "      <td>0.005053</td>\n",
       "      <td>1.000000</td>\n",
       "      <td>0.002091</td>\n",
       "      <td>0.062148</td>\n",
       "      <td>0.017701</td>\n",
       "    </tr>\n",
       "    <tr>\n",
       "      <th>VAR18</th>\n",
       "      <td>0.062120</td>\n",
       "      <td>0.012330</td>\n",
       "      <td>-0.029444</td>\n",
       "      <td>0.034296</td>\n",
       "      <td>0.047276</td>\n",
       "      <td>0.024590</td>\n",
       "      <td>0.040728</td>\n",
       "      <td>0.004965</td>\n",
       "      <td>0.017564</td>\n",
       "      <td>0.023426</td>\n",
       "      <td>0.066106</td>\n",
       "      <td>0.050780</td>\n",
       "      <td>0.048115</td>\n",
       "      <td>0.019835</td>\n",
       "      <td>0.002091</td>\n",
       "      <td>1.000000</td>\n",
       "      <td>0.028553</td>\n",
       "      <td>0.098638</td>\n",
       "    </tr>\n",
       "    <tr>\n",
       "      <th>VAR19</th>\n",
       "      <td>-0.064318</td>\n",
       "      <td>0.004281</td>\n",
       "      <td>0.093717</td>\n",
       "      <td>-0.130858</td>\n",
       "      <td>0.079450</td>\n",
       "      <td>0.114990</td>\n",
       "      <td>0.165046</td>\n",
       "      <td>-0.169191</td>\n",
       "      <td>-0.202767</td>\n",
       "      <td>0.069902</td>\n",
       "      <td>0.028444</td>\n",
       "      <td>0.062440</td>\n",
       "      <td>0.067781</td>\n",
       "      <td>0.097255</td>\n",
       "      <td>0.062148</td>\n",
       "      <td>0.028553</td>\n",
       "      <td>1.000000</td>\n",
       "      <td>0.092336</td>\n",
       "    </tr>\n",
       "    <tr>\n",
       "      <th>VAR20</th>\n",
       "      <td>-0.102319</td>\n",
       "      <td>0.017665</td>\n",
       "      <td>0.043684</td>\n",
       "      <td>0.229491</td>\n",
       "      <td>0.070031</td>\n",
       "      <td>0.111858</td>\n",
       "      <td>0.165873</td>\n",
       "      <td>-0.022617</td>\n",
       "      <td>-0.019097</td>\n",
       "      <td>0.068364</td>\n",
       "      <td>-0.057543</td>\n",
       "      <td>0.025875</td>\n",
       "      <td>0.029815</td>\n",
       "      <td>0.095318</td>\n",
       "      <td>0.017701</td>\n",
       "      <td>0.098638</td>\n",
       "      <td>0.092336</td>\n",
       "      <td>1.000000</td>\n",
       "    </tr>\n",
       "  </tbody>\n",
       "</table>\n",
       "</div>"
      ],
      "text/plain": [
       "           VAR2      VAR3      VAR4      VAR5      VAR6      VAR7      VAR8  \\\n",
       "VAR2   1.000000  0.001879 -0.397545 -0.195492  0.023098 -0.027322 -0.048693   \n",
       "VAR3   0.001879  1.000000 -0.004998  0.006797  0.022159  0.018803  0.025247   \n",
       "VAR4  -0.397545 -0.004998  1.000000  0.185846 -0.018649  0.014257  0.058680   \n",
       "VAR5  -0.195492  0.006797  0.185846  1.000000  0.026677  0.074837  0.201294   \n",
       "VAR6   0.023098  0.022159 -0.018649  0.026677  1.000000  0.092036  0.127485   \n",
       "VAR7  -0.027322  0.018803  0.014257  0.074837  0.092036  1.000000  0.701303   \n",
       "VAR8  -0.048693  0.025247  0.058680  0.201294  0.127485  0.701303  1.000000   \n",
       "VAR9  -0.003918  0.004422  0.011053  0.090140 -0.014076 -0.025156 -0.016594   \n",
       "VAR10  0.041271 -0.000101 -0.028000  0.136549  0.118274 -0.032473 -0.058250   \n",
       "VAR11 -0.150661  0.008518  0.176840  0.072784  0.042100  0.060242  0.120941   \n",
       "VAR12  0.118147  0.048590 -0.066965 -0.045739  0.018588 -0.005230  0.001239   \n",
       "VAR13  0.114004  0.017544 -0.063954 -0.044625  0.102917  0.061738  0.094129   \n",
       "VAR15  0.087309  0.016024 -0.035064 -0.032263  0.093821  0.059955  0.095660   \n",
       "VAR16 -0.023998  0.015949  0.014573  0.066414  0.072649  0.924215  0.492295   \n",
       "VAR17  0.309621  0.009124 -0.103223 -0.076646  0.027200  0.006597  0.005295   \n",
       "VAR18  0.062120  0.012330 -0.029444  0.034296  0.047276  0.024590  0.040728   \n",
       "VAR19 -0.064318  0.004281  0.093717 -0.130858  0.079450  0.114990  0.165046   \n",
       "VAR20 -0.102319  0.017665  0.043684  0.229491  0.070031  0.111858  0.165873   \n",
       "\n",
       "           VAR9     VAR10     VAR11     VAR12     VAR13     VAR15     VAR16  \\\n",
       "VAR2  -0.003918  0.041271 -0.150661  0.118147  0.114004  0.087309 -0.023998   \n",
       "VAR3   0.004422 -0.000101  0.008518  0.048590  0.017544  0.016024  0.015949   \n",
       "VAR4   0.011053 -0.028000  0.176840 -0.066965 -0.063954 -0.035064  0.014573   \n",
       "VAR5   0.090140  0.136549  0.072784 -0.045739 -0.044625 -0.032263  0.066414   \n",
       "VAR6  -0.014076  0.118274  0.042100  0.018588  0.102917  0.093821  0.072649   \n",
       "VAR7  -0.025156 -0.032473  0.060242 -0.005230  0.061738  0.059955  0.924215   \n",
       "VAR8  -0.016594 -0.058250  0.120941  0.001239  0.094129  0.095660  0.492295   \n",
       "VAR9   1.000000  0.109341 -0.006538  0.007833  0.004947  0.002758 -0.023838   \n",
       "VAR10  0.109341  1.000000 -0.021581  0.013585 -0.008188 -0.011772 -0.024995   \n",
       "VAR11 -0.006538 -0.021581  1.000000  0.022742  0.479659  0.637683  0.045171   \n",
       "VAR12  0.007833  0.013585  0.022742  1.000000  0.072593  0.070373 -0.007469   \n",
       "VAR13  0.004947 -0.008188  0.479659  0.072593  1.000000  0.864152  0.048292   \n",
       "VAR15  0.002758 -0.011772  0.637683  0.070373  0.864152  1.000000  0.046755   \n",
       "VAR16 -0.023838 -0.024995  0.045171 -0.007469  0.048292  0.046755  1.000000   \n",
       "VAR17 -0.033598 -0.035731 -0.031293  0.210880  0.038099  0.034323  0.005053   \n",
       "VAR18  0.004965  0.017564  0.023426  0.066106  0.050780  0.048115  0.019835   \n",
       "VAR19 -0.169191 -0.202767  0.069902  0.028444  0.062440  0.067781  0.097255   \n",
       "VAR20 -0.022617 -0.019097  0.068364 -0.057543  0.025875  0.029815  0.095318   \n",
       "\n",
       "          VAR17     VAR18     VAR19     VAR20  \n",
       "VAR2   0.309621  0.062120 -0.064318 -0.102319  \n",
       "VAR3   0.009124  0.012330  0.004281  0.017665  \n",
       "VAR4  -0.103223 -0.029444  0.093717  0.043684  \n",
       "VAR5  -0.076646  0.034296 -0.130858  0.229491  \n",
       "VAR6   0.027200  0.047276  0.079450  0.070031  \n",
       "VAR7   0.006597  0.024590  0.114990  0.111858  \n",
       "VAR8   0.005295  0.040728  0.165046  0.165873  \n",
       "VAR9  -0.033598  0.004965 -0.169191 -0.022617  \n",
       "VAR10 -0.035731  0.017564 -0.202767 -0.019097  \n",
       "VAR11 -0.031293  0.023426  0.069902  0.068364  \n",
       "VAR12  0.210880  0.066106  0.028444 -0.057543  \n",
       "VAR13  0.038099  0.050780  0.062440  0.025875  \n",
       "VAR15  0.034323  0.048115  0.067781  0.029815  \n",
       "VAR16  0.005053  0.019835  0.097255  0.095318  \n",
       "VAR17  1.000000  0.002091  0.062148  0.017701  \n",
       "VAR18  0.002091  1.000000  0.028553  0.098638  \n",
       "VAR19  0.062148  0.028553  1.000000  0.092336  \n",
       "VAR20  0.017701  0.098638  0.092336  1.000000  "
      ]
     },
     "execution_count": 12,
     "metadata": {},
     "output_type": "execute_result"
    }
   ],
   "source": [
    "# train1.isnull().sum()\n",
    "train1.corr()"
   ]
  },
  {
   "cell_type": "code",
   "execution_count": 943,
   "metadata": {},
   "outputs": [],
   "source": [
    "target = targets.copy()\n",
    "j=0\n",
    "# target=[]\n",
    "for i in range(targets.shape[0]):\n",
    "    if targets[i] == 'High':\n",
    "        target[j] = 1\n",
    "    elif targets[i] == 'Medium':\n",
    "        target[j] = 0\n",
    "    elif targets[i] == 'Low':\n",
    "        target[j] = -1\n",
    "    j+=1\n",
    "# target=target.astype(‘int’)  \n",
    "# target\n",
    "# targets.unique()"
   ]
  },
  {
   "cell_type": "code",
   "execution_count": 944,
   "metadata": {},
   "outputs": [],
   "source": [
    "# train1.dtypes"
   ]
  },
  {
   "cell_type": "code",
   "execution_count": 945,
   "metadata": {},
   "outputs": [],
   "source": [
    "# train1.VAR14.unique()"
   ]
  },
  {
   "cell_type": "code",
   "execution_count": 946,
   "metadata": {},
   "outputs": [],
   "source": [
    "train1[\"VAR14\"] = train1[\"VAR14\"].apply(lambda x: int(x) if x!=\".\" else 1)\n",
    "\n",
    "# for i in range(train1.VAR14.shape[0]):\n",
    "#     if train1.VAR14[i] == '.':\n",
    "#         train1.VAR14[i] = '1'"
   ]
  },
  {
   "cell_type": "code",
   "execution_count": 947,
   "metadata": {},
   "outputs": [],
   "source": [
    "# train1.VAR14.unique()"
   ]
  },
  {
   "cell_type": "code",
   "execution_count": 948,
   "metadata": {},
   "outputs": [
    {
     "name": "stdout",
     "output_type": "stream",
     "text": [
      "(27200, 19) (6800, 19)\n"
     ]
    }
   ],
   "source": [
    "import numpy as np\n",
    "from sklearn.model_selection import train_test_split\n",
    "\n",
    "# train1 = train1.toarray()\n",
    "X_train,X_test,y_train,y_test = train_test_split(train1.values,target.values,test_size=0.2)\n",
    "print(X_train.shape,X_test.shape)\n",
    "# X_train[0]"
   ]
  },
  {
   "cell_type": "code",
   "execution_count": 949,
   "metadata": {},
   "outputs": [],
   "source": [
    "# train1.drop(['VAR21','VAR1'], 1, inplace=True)\n",
    "\n",
    "# import seaborn as sns\n",
    "# print(train1.corr())"
   ]
  },
  {
   "cell_type": "code",
   "execution_count": 950,
   "metadata": {},
   "outputs": [],
   "source": [
    "y_train = np.asarray(y_train,dtype=np.float64)\n",
    "y_test = np.asarray(y_test,dtype=np.float64)"
   ]
  },
  {
   "cell_type": "code",
   "execution_count": 951,
   "metadata": {},
   "outputs": [],
   "source": [
    "train1 = np.asarray(train1.values,dtype=np.float64)\n",
    "target = np.asarray(target.values,dtype=np.float64)"
   ]
  },
  {
   "cell_type": "code",
   "execution_count": 952,
   "metadata": {},
   "outputs": [
    {
     "name": "stderr",
     "output_type": "stream",
     "text": [
      "c:\\users\\sarthak\\appdata\\local\\programs\\python\\python36\\lib\\site-packages\\sklearn\\linear_model\\logistic.py:432: FutureWarning: Default solver will be changed to 'lbfgs' in 0.22. Specify a solver to silence this warning.\n",
      "  FutureWarning)\n",
      "c:\\users\\sarthak\\appdata\\local\\programs\\python\\python36\\lib\\site-packages\\sklearn\\linear_model\\logistic.py:469: FutureWarning: Default multi_class will be changed to 'auto' in 0.22. Specify the multi_class option to silence this warning.\n",
      "  \"this warning.\", FutureWarning)\n"
     ]
    },
    {
     "name": "stdout",
     "output_type": "stream",
     "text": [
      "0.5520588235294117\n"
     ]
    }
   ],
   "source": [
    "\n",
    "from sklearn.linear_model import LogisticRegression\n",
    "logisticRegr = LogisticRegression()\n",
    "logisticRegr.fit(X_train, y_train)\n",
    "predictions_LR = logisticRegr.predict(X_test)\n",
    "\n",
    "# from sklearn.metrics import confusion_matrix\n",
    "# cm_LR = confusion_matrix(target, predictions_LR)\n",
    "from sklearn.metrics import accuracy_score\n",
    "print(accuracy_score(y_test, predictions_LR))\n"
   ]
  },
  {
   "cell_type": "code",
   "execution_count": 953,
   "metadata": {},
   "outputs": [
    {
     "name": "stdout",
     "output_type": "stream",
     "text": [
      "0.5652941176470588\n"
     ]
    },
    {
     "name": "stderr",
     "output_type": "stream",
     "text": [
      "c:\\users\\sarthak\\appdata\\local\\programs\\python\\python36\\lib\\site-packages\\sklearn\\neural_network\\multilayer_perceptron.py:566: ConvergenceWarning: Stochastic Optimizer: Maximum iterations (200) reached and the optimization hasn't converged yet.\n",
      "  % self.max_iter, ConvergenceWarning)\n"
     ]
    }
   ],
   "source": [
    "from sklearn.neural_network import MLPClassifier\n",
    "neural_network = MLPClassifier(solver='adam', alpha=0.0001, hidden_layer_sizes=(7, 7), random_state=1)\n",
    "neural_network.fit(X_train, y_train)\n",
    "predictions_NN = neural_network.predict(X_test)\n",
    "\n",
    "#Confusion Matrix \n",
    "cm_NN = confusion_matrix(y_test, predictions_NN)\n",
    "print(accuracy_score(y_test, predictions_NN))"
   ]
  },
  {
   "cell_type": "code",
   "execution_count": 954,
   "metadata": {},
   "outputs": [
    {
     "name": "stdout",
     "output_type": "stream",
     "text": [
      "0.5695588235294118\n"
     ]
    }
   ],
   "source": [
    "from sklearn.ensemble import RandomForestClassifier\n",
    "rf = RandomForestClassifier(n_estimators=100,  criterion=\"gini\", max_depth=100, random_state=0)\n",
    "\n",
    "# rf.fit(train1,target)\n",
    "# predictions_RF = rf.predict(train1)\n",
    "\n",
    "# cm_RF = confusion_matrix(target, predictions_RF)\n",
    "# print(accuracy_score(target, predictions_RF))\n",
    "\n",
    "rf.fit(X_train, y_train)\n",
    "predictions_RF = rf.predict(X_test)\n",
    "\n",
    "#Confusion Matrix \n",
    "cm_RF = confusion_matrix(y_test, predictions_RF)\n",
    "print(accuracy_score(y_test, predictions_RF))"
   ]
  },
  {
   "cell_type": "code",
   "execution_count": 955,
   "metadata": {},
   "outputs": [],
   "source": [
    "# from sklearn.naive_bayes import MultinomialNB\n",
    "# multi_naive_bayes = MultinomialNB()\n",
    "# multi_naive_bayes.fit(X_train, y_train)\n",
    "# predictions_MNB = multi_naive_bayes.predict(X_test)\n",
    "\n",
    "# #Confusion Matrix \n",
    "# cm_MNB = confusion_matrix(y_test, predictions_MNB)\n",
    "# print(accuracy_score(y_test, predictions_MNB))"
   ]
  },
  {
   "cell_type": "code",
   "execution_count": 956,
   "metadata": {},
   "outputs": [],
   "source": [
    "# from sklearn.metrics import f1_score"
   ]
  },
  {
   "cell_type": "code",
   "execution_count": 957,
   "metadata": {},
   "outputs": [
    {
     "name": "stdout",
     "output_type": "stream",
     "text": [
      "0.553235294117647\n"
     ]
    }
   ],
   "source": [
    "from sklearn.svm import LinearSVC\n",
    "\n",
    "svc = LinearSVC(dual=False)\n",
    "svc.fit(X_train, y_train)\n",
    "predictions_SVC = svc.predict(X_test)\n",
    "\n",
    "#Confusion Matrix \n",
    "cm_SVC = confusion_matrix(y_test, predictions_SVC)\n",
    "print(accuracy_score(y_test, predictions_SVC))"
   ]
  },
  {
   "cell_type": "code",
   "execution_count": 958,
   "metadata": {},
   "outputs": [],
   "source": [
    "# from keras.models import Sequential\n",
    "# from keras.layers import Dense, Activation, Dropout\n",
    "\n",
    "# model = Sequential()\n",
    "# model.add(Dense(12, input_dim=19, activation='relu'))\n",
    "# model.add(Dense(8, activation='relu'))\n",
    "# model.add(Dense(1, activation='sigmoid'))\n",
    "\n",
    "# model.compile(loss='mse', optimizer='nadam', metrics=['accuracy'])\n",
    "\n",
    "# model.fit(X_train, y_train, epochs=4, batch_size=10)\n",
    "# _, accuracy = model.evaluate(X_test, y_test)\n",
    "# print('Accuracy: %.2f' % (accuracy*100))"
   ]
  },
  {
   "cell_type": "code",
   "execution_count": 959,
   "metadata": {},
   "outputs": [],
   "source": [
    "# from keras.layers import Embedding\n",
    "\n",
    "# model1=Sequential()\n",
    "# model1.add(Embedding(2000,100,mask_zero=True))\n",
    "# model1.add(LSTM(64,return_sequences=True))\n",
    "# model1.add(LSTM(32,return_sequences=False))\n",
    "# model1.add(Dense(1,activation='softmax'))\n",
    "# # model1.compile(loss='categorical_crossentropy',optimizer=Adam(lr=0.001),metrics=['accuracy'])\n",
    "\n",
    "# # model = build_model()\n",
    "# model1.compile(loss=\"binary_crossentropy\", optimizer=\"nadam\", metrics=[\"acc\"])\n",
    "# model1.fit(X_train, y_train, epochs=2, batch_size=100)\n",
    "# _, accuracy = model1.evaluate(X_test, y_test)\n",
    "# print('Accuracy: %.2f' % (accuracy*100))"
   ]
  },
  {
   "cell_type": "code",
   "execution_count": 1005,
   "metadata": {},
   "outputs": [
    {
     "name": "stdout",
     "output_type": "stream",
     "text": [
      "Accuracy: 58.51%\n"
     ]
    }
   ],
   "source": [
    "from xgboost import XGBClassifier\n",
    "XG = XGBClassifier( max_depth = 5,\n",
    "                    min_child_weight = 1,\n",
    "                    gamma=0.06,\n",
    "                    subsample=0.8)   #max_depth = 5 ##max_depth = 5, min_child_weight = 1,gamma=0.06, subsample=0.8\n",
    "\n",
    "\n",
    "#                   colsample_bytree =0.6,\n",
    "#                   learning_rate =0.1,\n",
